0 FILE piano_B
0 piano_B
0 Name: piano_B
0 Author:
1 0 16.9375 -68 -12.5625 0.826110 0 -0.563509 0 1 0 0.563509 0 0.826110 85984.dat
1 0 16.9375 -68 -12.5625 0.826110 0 -0.563509 0 1 0 0.563509 0 0.826110 34103.dat
1 0 27.8125 -60 7 -0.826110 0 0.563509 0 1 0 -0.563509 0 -0.826110 3021.dat
1 0 38.5625 -68 26.5625 -0.563509 0 -0.826110 0 1 0 0.826110 0 -0.563509 4592.dat
1 0 38.9375 -69.5625 26.6875 -0.563509 0.230807 -0.793213 0 0.960178 0.279390 0.826110 0.157439 -0.541069 4593.dat
1 0 22.1875 -52 15.25 0.826110 0 -0.563509 0 1 0 0.563509 0 0.826110 2420.dat
1 0 50 -68 10 -0.563509 0 -0.826110 0 1 0 0.826110 0 -0.563509 3024.dat
1 0 50 -68 10 -0.563509 0 -0.826110 0 1 0 0.826110 0 -0.563509 42446.dat
1 0 41.75 -44 4.375 0.563509 0 0.826110 0 1 0 -0.826110 0 0.563509 3021.dat
1 0 -16.0625 -28 -35.0625 0.563509 0 0.826110 0 1 0 -0.826110 0 0.563509 3062b.dat
1 0 16.9375 -36 -12.5625 0.826110 0 -0.563509 0 1 0 0.563509 0 0.826110 32124.dat
1 15 39.125 -52 -9.5 0.563509 0 0.826110 0 1 0 -0.826110 0 0.563509 2412b.dat
1 15 55.625 -52 1.75 0.563509 0 0.826110 0 1 0 -0.826110 0 0.563509 2412b.dat
1 0 50 -28 10 0 0 1 0 1 0 -1 0 0 3062b.dat
1 0 50 -28 -50 1 0 0 0 1 0 0 0 1 14769.dat
1 0 50 -20 -50 1 0 0 0 1 0 0 0 1 4073.dat
1 0 50 -12 -50 1 0 0 0 1 0 0 0 1 4073.dat
1 19 0.0625 -68 12.25 0.563509 0 0.826110 0 1 0 -0.826110 0 0.563509 2412b.dat
1 0 -44.625 -68 42.25 -0.826110 0 0.563509 0 1 0 -0.563509 0 -0.826110 30039.dat
1 0 -44.625 -60 42.25 -0.563509 0 -0.826110 0 1 0 0.826110 0 -0.563509 3024.dat
1 0 -61.1875 -52 31 0.563509 0 0.826110 0 1 0 -0.826110 0 0.563509 2420.dat
1 0 -55.5625 -76 22.75 0.563509 0 0.826110 0 1 0 -0.826110 0 0.563509 3937.dat
1 0 -33 -44 -10.3125 0.563509 0 0.826110 0 1 0 -0.826110 0 0.563509 3666.dat
1 0 -27.375 -36 -18.5625 0.826110 0 -0.563509 0 1 0 0.563509 0 0.826110 30357.dat
1 0 -44.625 -36 42.25 -0.826110 0 0.563509 0 1 0 -0.563509 0 -0.826110 3062b.dat
1 0 -44.625 -12 42.25 -0.826110 0 0.563509 0 1 0 -0.563509 0 -0.826110 4073.dat
1 0 -16.875 -68 37 -0.563509 0 -0.826110 0 1 0 0.826110 0 -0.563509 85080.dat
1 0 -22.125 -44 9.25 0.826110 0 -0.563509 0 1 0 0.563509 0 0.826110 30357.dat
1 19 -19.5 -60 23.125 -0.826110 0 0.563509 0 1 0 -0.563509 0 -0.826110 4032a.dat
1 0 -16.5 -52 1 -0.826110 0 0.563509 0 1 0 -0.563509 0 -0.826110 3021.dat
1 0 -33 -76 -10.3125 0.563509 0 0.826110 0 1 0 -0.826110 0 0.563509 3937.dat
1 15 -10.4375 -52 -43.3125 0.563509 0 0.826110 0 1 0 -0.826110 0 0.563509 2412b.dat
1 0 8.6875 -44 -18.1875 0.563509 0 0.826110 0 1 0 -0.826110 0 0.563509 3021.dat
1 15 6.0625 -52 -32.0625 0.563509 0 0.826110 0 1 0 -0.826110 0 0.563509 2412b.dat
1 15 22.5625 -52 -20.8125 0.563509 0 0.826110 0 1 0 -0.826110 0 0.563509 2412b.dat
1 19 -16.5 -68 1 0.563509 0 0.826110 0 1 0 -0.826110 0 0.563509 2412b.dat
1 0 0.4375 -60 -23.8125 -0.563509 0 -0.826110 0 1 0 0.826110 0 -0.563509 2420.dat
1 0 -16.0625 -68 -35.0625 -0.563509 0 -0.826110 0 1 0 0.826110 0 -0.563509 3024.dat
1 0 -16.0625 -68 -35.0625 0.563509 0 0.826110 0 1 0 -0.826110 0 0.563509 42446.dat
1 0 -58.8125 -75.1875 20.5 0.563507 0.329621 0.757502 0 0.916950 -0.399004 -0.826111 0.224842 0.516708 6134.dat
1 0 -29.4375 -90.5 4.25 0.757502 0.329621 -0.563508 -0.399004 0.916950 0 0.516708 0.224842 0.826111 30357.dat
1 0 -50.1875 -82.5 2.1875 0.563508 0.329621 0.757502 0 0.916950 -0.399004 -0.826111 0.224842 0.516708 3710.dat
1 0 -18.8125 -101.8125 -0.625 -0.757502 0.329621 0.563507 0.399004 0.916950 0 -0.516708 0.224842 -0.826111 87079.dat
1 0 -36.3125 -75.1875 -12.5625 0.563507 0.329621 0.757502 0 0.916950 -0.399004 -0.826111 0.224842 0.516708 6134.dat
1 0 24.6875 -121.75 16.9375 0.563508 0.329621 0.757502 0 0.916949 -0.399004 -0.826111 0.224842 0.516708 30039.dat
1 0 4.5625 -102.4375 3.25 0.757502 0.329621 -0.563508 -0.399004 0.916950 0 0.516708 0.224842 0.826111 3710.dat
1 0 5.6875 -28 4 0.826110 0 -0.563509 0 1 0 0.563509 0 0.826110 15573.dat
1 0 5.6875 -20 4 0.826110 0 -0.563509 0 1 0 0.563509 0 0.826110 60471.dat
1 0 16.5625 -68 23.5 0.563509 0 0.826110 0 1 0 -0.826110 0 0.563509 3069b.dat
