0 FILE Telescope.ldr
1 13 0 0 0 1 0 0 0 1 0 0 0 1 4032a.dat
1 47 -15.8125 -98.5625 -47.75 -0.125740 -0.287522 -0.949485 0.916216 -0.400685 0 -0.380444 -0.869933 0.313814 4073.dat
1 0 -8.875 -88.9375 -26.875 -0.125741 -0.287522 -0.949485 0.916216 -0.400685 0 -0.380444 -0.869933 0.313814 3062b.dat
1 0 -2 -79.3125 -6 -0.125741 -0.287522 -0.949485 0.916216 -0.400685 0 -0.380444 -0.869933 0.313815 3062b.dat
1 4 2.125 -84.5 6.5 -0.949485 -0.125741 -0.287522 0 0.916216 -0.400684 0.313814 -0.380444 -0.869933 4070.dat
1 4 -0.875 -62.5 -2.625 -0.949485 -0.125741 -0.287522 0 0.916216 -0.400684 0.313814 -0.380444 -0.869933 3794a.dat
1 0 9.625 -63.1875 29.0625 -0.949485 -0.287522 0.125741 0 -0.400685 -0.916216 0.313815 -0.869933 0.380444 4589.dat
1 4 -1.875 -55.1875 -5.6875 -0.949485 -0.125741 -0.287522 0 0.916216 -0.400684 0.313814 -0.380444 -0.869933 3938.dat
1 14 -3.125 -56 -9.5 -0.949484 0 -0.313814 0 1 0 0.313814 0 -0.949484 3937.dat
1 71 0 -32 0 0.313814 0 -0.949485 0 1 0 0.949485 0 0.313814 3679.dat
1 0 0 -32 0 0 0 -1 0 1 0 1 0 0 3680.dat
1 4 0 -24 -10 1 0 0 0 1 0 0 0 1 3039.dat