0 FILE Flags_45Degree.ldr
0 REPCOLOR 14 "A_PrimaryBuildColor" ALL
0 REPCOLOR 100 "B_SecondaryBuildcolor" ALL
0 REPCOLOR 30 "C_FactionColor" ALL
0 REPCOLOR 60 "C_FactionColorB" ALL
1 100 0 0 0 0 0 1 0 1 0 -1 0 0 60471.dat
1 100 -27.375 -4.9375 0 0 0.676401 -0.736534 0 -0.736534 -0.676401 -1 0 0 481.dat
1 0 -42.25 -18.688 0 0 0.737 -0.676 0 0.676 0.737 1 0 0 63965.dat
1 60 -94.375 -66.5 0 0 0.736534 -0.676401 0 0.676401 0.736534 1 0 0 4495b.dat
1 30 -112.0625 -82.75 0 0 0.737 -0.676 0 0.676 0.737 1 0 0 4495b.dat
