0 FILE Flags_45Degree2.ldr
0 REPCOLOR 30 "C_FactionColor" ALL
0 REPCOLOR 60 "C_FactionColorB" ALL
0 REPCOLOR 100 "B_SecondaryBuildcolor" ALL
0 REPCOLOR 14 "A_PrimaryBuildColor" ALL

1 14 0 0 0 1 0 0 0 1 0 0 0 1 44567.dat
1 100 0 -6.3125 -25.875 -1 0 0 0 0.587785 -0.809017 0 -0.809017 -0.587785 482.dat

1 14 0 -171.75 -146.062 0 0 1 0.588 0.809 0 -0.809 0.588 0 43899.dat
1 30 0 -119.962 -108.422 -1 0 0 0 0.809 0.588 0 0.588 -0.809 4495b.dat
1 60 0 -100.542 -94.306 -1 0 0 0 0.809 0.588 0 0.588 -0.809 4495b.dat
