0 FILE main.ldr

0 REPCOLOR 14 "A_PrimaryBuildColor" ALL
0 REPCOLOR 100 "B_SecondaryBuildcolor" ALL
0 RNDCOLOR 8 "$RockSection" ALL
0 RNDCOLOR 25 "$TreeGreen" ALL



1 0 0 0 40 1 0 0 0 1 0 0 0 1 config1
1 0 220 0 40 1 0 0 0 1 0 0 0 1 config2
1 0 -220 0 40 1 0 0 0 1 0 0 0 1 config3
1 0 0 0 190 1 0 0 0 1 0 0 0 1 config4
1 0 -220 0 180 1 0 0 0 1 0 0 0 1 config5

0 FILE config1
1 25 -30 82 -48 -1 0 0 0 0 1 0 1 0 2417.dat
1 8 0 0 0 1 0 0 0 1 0 0 0 1 6082.dat
1 8 -60 96 -30 1 0 0 0 1 0 0 0 1 3004.dat
1 8 -20 72 -30 1 0 0 0 1 0 0 0 1 11211.dat
1 8 -90 72 -10 1 0 0 0 1 0 0 0 1 87087.dat
1 25 -90 82 -28 -0.707 0 -0.707 -0.707 0 0.707 0 1 0 2423.dat
1 8 70 24 -30 1 0 0 0 1 0 0 0 1 87087.dat
1 25 70 34 -48 0.707 0 0.707 0.707 0 -0.707 0 1 0 2423.dat
0 FILE config2
1 8 -40 72 -30 1 0 0 0 1 0 0 0 1 30414.dat
1 8 0 0 0 1 0 0 0 1 0 0 0 1 6082.dat
1 25 -70 82 -48 -1 0 0 0 0 1 0 1 0 2423.dat
1 8 70 24 -30 1 0 0 0 1 0 0 0 1 26604.dat
1 25 70 34 -48 1 0 0 0 0 -1 0 1 0 2423.dat
1 25 -10 82 -48 -1 0 0 0 0 1 0 1 0 2423.dat
1 8 -60 96 -30 1 0 0 0 1 0 0 0 1 3004.dat
0 FILE config3
1 25 -30 82 -48 0 0 -1 -1 0 0 0 1 0 2417.dat
1 8 -40 72 -30 1 0 0 0 1 0 0 0 1 30414.dat
1 8 0 0 0 1 0 0 0 1 0 0 0 1 6082.dat
1 8 -60 96 -30 1 0 0 0 1 0 0 0 1 3004.dat
1 8 40 24 -30 1 0 0 0 1 0 0 0 1 11211.dat
1 25 50 34 -48 -0.174 0 0.985 0.985 0 0.174 0 1 0 2423.dat
0 FILE config4
1 8 0 0 0 1 0 0 0 1 0 0 0 1 6082.dat
1 25 30 24 -30 0.707 0 0.707 0 1 0 -0.707 0 0.707 30176.dat
1 25 -10 72 -30 -0.707 0 0.707 0 1 0 -0.707 0 -0.707 30176.dat
1 25 -50 96 -30 -0.707 0 0.707 0 1 0 -0.707 0 -0.707 30176.dat
1 25 -10 48 -30 -0.707 0 0.707 0 1 0 -0.707 0 -0.707 30176.dat
1 25 -10 24 -30 -0.707 0 0.707 0 1 0 -0.707 0 -0.707 30176.dat
0 FILE config5
1 25 -30 82 -48 -1 0 0 0 0 1 0 1 0 2417.dat
1 100 -40 72 -30 1 0 0 0 1 0 0 0 1 30414.dat
1 8 0 0 0 1 0 0 0 1 0 0 0 1 6082.dat
