0 FILE main.ldr
0 REPCOLOR 14 "A_PrimaryBuildColor" ALL
0 REPCOLOR 100 "B_SecondaryBuildcolor" ALL

1 0 0 0 40 1 0 0 0 1 0 0 0 1 config1
1 0 0 0 100 1 0 0 0 1 0 0 0 1 config2
1 0 0 0 160 1 0 0 0 1 0 0 0 1 config3
1 0 0 0 220 1 0 0 0 1 0 0 0 1 config4

0 FILE config1
1 14 0 0 0 1 0 0 0 1 0 0 0 1 87421.dat

0 FILE config2
1 14 -10 120 -10 1 0 0 0 1 0 0 0 1 87620.dat
1 14 -10 72 -10 1 0 0 0 1 0 0 0 1 87620.dat
1 14 10 96 10 1 0 0 0 1 0 0 0 1 87620.dat
1 14 10 48 10 1 0 0 0 1 0 0 0 1 87620.dat
1 14 -10 24 -10 1 0 0 0 1 0 0 0 1 87620.dat
1 14 0 0 0 0.707 0 0.707 0 1 0 -0.707 0 0.707 3005.dat
1 14 20 24 20 1 0 0 0 1 0 0 0 1 87087.dat
1 14 20 72 20 1 0 0 0 1 0 0 0 1 87087.dat
1 14 20 120 20 1 0 0 0 1 0 0 0 1 87087.dat
1 14 -20 48 -20 0 0 -1 0 1 0 1 0 0 87087.dat
1 14 -20 96 -20 0 0 -1 0 1 0 1 0 0 87087.dat
1 100 20 34 10 0 0 -1 -1 0 0 0 1 0 54200.dat
1 100 -10 58 -20 0 -1 0 1 0 0 0 0 1 54200.dat
1 100 -10 106 -20 0 -1 0 1 0 0 0 0 1 54200.dat
1 100 20 82 10 0 0 -1 -1 0 0 0 1 0 54200.dat
1 100 20 130 10 0 0 -1 -1 0 0 0 1 0 54200.dat

0 FILE config3
1 14 0 120 0 1 0 0 0 1 0 0 0 1 2462.dat
1 14 0 96 0 1 0 0 0 1 0 0 0 1 2462.dat
1 14 0 24 0 1 0 0 0 1 0 0 0 1 2462.dat
1 14 -20 72 -20 1 0 0 0 1 0 0 0 1 3005.dat
1 14 -20 48 -20 1 0 0 0 1 0 0 0 1 3005.dat
1 14 20 72 20 1 0 0 0 1 0 0 0 1 3005.dat
1 14 20 48 20 1 0 0 0 1 0 0 0 1 3005.dat
1 14 0 0 0 0.707 0 0.707 0 1 0 -0.707 0 0.707 3005.dat

1 14 0 88 0 0.707 0 0.707 0 1 0 -0.707 0 0.707 3024.dat
1 14 0 48 0 0.707 0 0.707 0 1 0 -0.707 0 0.707 3024.dat
0 FILE config4
1 14 0 120 0 1 0 0 0 1 0 0 0 1 2462.dat
1 100 0 96 0 0.707 0 -0.707 0 1 0 0.707 0 0.707 87087.dat
1 100 12.728 106 -12.728 0.707 -0.707 0 0 0 -1 0.707 0.707 0 3023.dat
1 14 20 96 20 1 0 0 0 1 0 0 0 1 3005.dat
1 14 -20 96 -20 1 0 0 0 1 0 0 0 1 3005.dat
1 14 0 72 0 1 0 0 0 1 0 0 0 1 2462.dat
1 100 0 48 0 0.707 0 -0.707 0 1 0 0.707 0 0.707 87087.dat
1 100 12.728 58 -12.728 0.707 -0.707 0 0 0 -1 0.707 0.707 0 3023.dat
1 14 20 48 20 1 0 0 0 1 0 0 0 1 3005.dat
1 14 -20 48 -20 1 0 0 0 1 0 0 0 1 3005.dat
1 14 0 24 0 1 0 0 0 1 0 0 0 1 2462.dat
1 100 0 0 0 0.707 0 -0.707 0 1 0 0.707 0 0.707 87087.dat
1 100 12.728 10 -12.728 0.707 -0.707 0 0 0 -1 0.707 0.707 0 3023.dat
