0 FILE main.ldr
1 16 0 -520 20 1 0 0 0 1 0 0 0 1 DrawB_Top
1 16 0 -344 0 1 0 0 0 1 0 0 0 1 DrawBridgeFloor2
1 16 0 0 -440 1 0 0 0 1 0 0 0 1 RampSection
1 16 0 0 0 1 0 0 0 1 0 0 0 1 BaseDrawbridge
0 FILE DrawB_Top
0 DrawB_Top
0 Name: DrawB_Top
0 Author:
1 13 0 0 0 1 0 0 0 1 0 0 0 1 3028.dat
1 72 -130 0 -20 0 0 1 0 1 0 -1 0 0 3023.dat
1 72 130 0 -20 0 0 1 0 1 0 -1 0 0 3023.dat
1 72 0 0 -80 1 0 0 0 1 0 0 0 1 2445.dat
1 70 0 -24 -50 0 0 1 0 1 0 -1 0 0 3002.dat
1 71 0 -24 -90 1 0 0 0 1 0 0 0 1 3008.dat
1 71 -120 -56 -20 0 0 1 0 1 0 -1 0 0 6066.dat
1 71 120 -56 -20 0 0 -1 0 1 0 1 0 0 6066.dat
1 0 0 -32 -80 0 0 1 0 1 0 -1 0 0 3680.dat
1 71 0 -32 -80 0 0 1 0 1 0 -1 0 0 3679.dat
1 70 -100 -8 -20 1 0 0 0 1 0 0 0 1 61780.dat
1 297 -150 -80 -20 0 0 1 0 1 0 -1 0 0 3048.dat
1 297 150 -80 -20 0 0 -1 0 1 0 1 0 0 3048.dat
1 0 0 -88 -80 1 0 0 0 1 0 0 0 1 3700.dat
1 72 -10 -88 -80 0 0 -1 0 1 0 1 0 0 50746.dat
1 72 10 -88 -80 0 0 1 0 1 0 -1 0 0 50746.dat
1 71 0 -56 -70 1 0 0 0 1 0 0 0 1 3004.dat
1 71 10 -56 -90 1 0 0 0 1 0 0 0 1 4070.dat
1 71 -10 -56 -90 1 0 0 0 1 0 0 0 1 4070.dat
1 70 -10 -46 -120.3125 0 0 1 1 0 0 0 1 0 4286.dat
1 70 10 -46 -120.3125 0 0 -1 -1 0 0 0 1 0 4286.dat
1 0 -10 -64 -80 0 0 1 0 1 0 -1 0 0 3794a.dat
1 0 10 -64 -80 0 0 1 0 1 0 -1 0 0 3794a.dat
1 72 0 -46 -128.3125 1 0 0 0 0 -1 0 1 0 3023.dat
1 71 0 -78.5 -90 0 0 1 0 1 0 -1 0 0 61184.dat
1 4 0 -78.5 -114 1 0 0 0 0 -1 0 1 0 4589.dat
1 4 -100 -88 -20 0 0 1 0 1 0 -1 0 0 4589.dat
1 71 -100 -64 -20 0 -1 0 -1 0 0 0 0 -1 61184.dat
1 71 -100 -130.5 -20 0 -1 0 -1 0 0 0 0 -1 61184.dat
1 4 -100 -154.5 -20 0 0 1 0 1 0 -1 0 0 4589.dat
0 FILE DrawBridgeFloor2
0 DrawBridgeFloor2
0 Name: DrawBridgeFloor2
0 Author:
1 13 0 0 0 1 0 0 0 1 0 0 0 1 3028.dat
1 272 0 0 -70 -1 0 0 0 1 0 0 0 -1 60479.dat
1 71 -110 -24 40 0 0 1 0 1 0 -1 0 0 3660.dat
1 71 -110 -24 0 0 0 1 0 1 0 -1 0 0 3660.dat
1 71 -110 -24 -40 0 0 1 0 1 0 -1 0 0 3660.dat
1 71 110 -24 40 0 0 -1 0 1 0 1 0 0 3660.dat
1 71 110 -24 0 0 0 -1 0 1 0 1 0 0 3660.dat
1 71 110 -24 -40 0 0 -1 0 1 0 1 0 0 3660.dat
1 71 0 -24 -70 1 0 0 0 1 0 0 0 1 3660.dat
1 71 -40 -24 -70 1 0 0 0 1 0 0 0 1 3660.dat
1 71 40 -24 -70 1 0 0 0 1 0 0 0 1 3660.dat
1 272 -130 -32 0 0 0 1 0 1 0 -1 0 0 3710.dat
1 272 130 -32 0 0 0 1 0 1 0 -1 0 0 3710.dat
1 71 0 -48 -80 0 0 1 0 1 0 -1 0 0 3003.dat
1 71 -120 -48 50 1 0 0 0 1 0 0 0 1 3004.dat
1 71 -120 -48 -50 1 0 0 0 1 0 0 0 1 3004.dat
1 71 120 -48 50 1 0 0 0 1 0 0 0 1 3004.dat
1 71 120 -48 -50 1 0 0 0 1 0 0 0 1 3004.dat
1 0 0 -56 -20 0 0 1 0 1 0 -1 0 0 6585.dat
1 72 0 -48 10 -1 0 0 0 1 0 0 0 -1 3701.dat
1 71 0 -24 10 -1 0 0 0 1 0 0 0 -1 3010.dat
1 0 -50 -24 30 0 0 1 0 1 0 -1 0 0 3040b.dat
1 0 -30 -24 30 0 0 -1 0 1 0 1 0 0 3040b.dat
1 71 -30 -48 -90 1 0 0 0 1 0 0 0 1 4070.dat
1 71 30 -48 -90 1 0 0 0 1 0 0 0 1 4070.dat
1 71 -110 -72 -50 0 0 1 0 1 0 -1 0 0 3040b.dat
1 71 -110 -72 50 0 0 1 0 1 0 -1 0 0 3040b.dat
1 71 110 -72 50 0 0 -1 0 1 0 1 0 0 3040b.dat
1 71 110 -72 -50 0 0 -1 0 1 0 1 0 0 3040b.dat
1 71 0 -72 -80 1 0 0 0 1 0 0 0 1 3001.dat
1 71 -110 -96 50 0 0 1 0 1 0 -1 0 0 4070.dat
1 72 -116.3125 -86 50 0 1 0 -1 0 0 0 0 1 50746.dat
1 71 -110 -96 -50 0 0 1 0 1 0 -1 0 0 4070.dat
1 72 -116.3125 -86 -50 0 1 0 1 0 0 0 0 -1 50746.dat
1 71 110 -96 50 0 0 -1 0 1 0 1 0 0 4070.dat
1 72 116.3125 -86 50 0 -1 0 1 0 0 0 0 1 50746.dat
1 71 110 -96 -50 0 0 -1 0 1 0 1 0 0 4070.dat
1 72 116.3125 -86 -50 0 -1 0 -1 0 0 0 0 -1 50746.dat
1 71 -30 -96 -70 1 0 0 0 1 0 0 0 1 3040b.dat
1 71 30 -96 -70 1 0 0 0 1 0 0 0 1 3040b.dat
1 71 -110 -144 0 0 0 1 0 1 0 -1 0 0 3307.dat
1 71 110 -144 0 0 0 1 0 1 0 -1 0 0 3307.dat
1 71 0 -144 -90 1 0 0 0 1 0 0 0 1 30274.dat
1 71 0 -120 -70 1 0 0 0 1 0 0 0 1 3010.dat
1 71 -30 -144 -70 0 0 1 0 1 0 -1 0 0 3005.dat
1 71 30 -144 -70 0 0 1 0 1 0 -1 0 0 3005.dat
1 0 -110 -168 0 0 0 1 0 1 0 -1 0 0 3660.dat
1 0 110 -168 0 0 0 -1 0 1 0 1 0 0 3660.dat
1 71 -60 -168 -70 -1 0 0 0 1 0 0 0 -1 3659.dat
1 71 -80 -48 -70 -1 0 0 0 1 0 0 0 -1 3659.dat
1 272 -60 -72 -70 1 0 0 0 1 0 0 0 1 3039.dat
1 71 -80 -48 -90 -1 0 0 0 1 0 0 0 -1 3659.dat
1 272 -90 -72 -70 0 0 1 0 1 0 -1 0 0 3045.dat
1 71 -90 -96 -70 1 0 0 0 1 0 0 0 1 4070.dat
1 72 -90 -86 -76.3125 0 0 -1 -1 0 0 0 1 0 50746.dat
1 71 -90 -120 -70 0 0 1 0 1 0 -1 0 0 3005.dat
1 71 -90 -144 -70 0 0 1 0 1 0 -1 0 0 3005.dat
1 71 60 -168 -70 -1 0 0 0 1 0 0 0 -1 3659.dat
1 71 80 -48 -70 -1 0 0 0 1 0 0 0 -1 3659.dat
1 272 60 -72 -70 1 0 0 0 1 0 0 0 1 3039.dat
1 71 80 -48 -90 -1 0 0 0 1 0 0 0 -1 3659.dat
1 272 90 -72 -70 1 0 0 0 1 0 0 0 1 3045.dat
1 71 90 -96 -70 1 0 0 0 1 0 0 0 1 4070.dat
1 72 90 -86 -76.3125 0 0 1 1 0 0 0 1 0 50746.dat
1 71 90 -120 -70 0 0 1 0 1 0 -1 0 0 3005.dat
1 71 90 -144 -70 0 0 1 0 1 0 -1 0 0 3005.dat
1 71 0 -168 -70 1 0 0 0 1 0 0 0 1 3004.dat
1 272 0 -160 -90 1 0 0 0 1 0 0 0 1 3039.dat
1 71 0 -168 30 1 0 0 0 1 0 0 0 1 6112.dat
1 71 -110 -168 50 -1 0 0 0 1 0 0 0 -1 3665.dat
1 71 110 -168 50 -1 0 0 0 1 0 0 0 -1 3665.dat
1 71 -110 -168 -30 0 0 -1 0 1 0 1 0 0 3665.dat
1 71 110 -168 -30 0 0 1 0 1 0 -1 0 0 3665.dat
1 71 -110 -168 -50 1 0 0 0 1 0 0 0 1 3665.dat
1 71 110 -168 -50 1 0 0 0 1 0 0 0 1 3665.dat
1 71 -30 -48 -70 -1 0 0 0 1 0 0 0 -1 3665.dat
1 71 30 -48 -70 -1 0 0 0 1 0 0 0 -1 3665.dat
1 71 110 -24 -70 1 0 0 0 1 0 0 0 1 3665.dat
1 71 -110 -24 -70 1 0 0 0 1 0 0 0 1 3665.dat
1 72 -40 -32 30 -1 0 0 0 1 0 0 0 -1 32530.dat
1 70 0 -38.5 84 -1 0 0 0 0 -1 0 -1 0 48723.dat
1 19 -40 -54.5 40 0 0.587785 -0.809017 0 0.809017 0.587785 1 0 0 3749.dat
1 0 -23.8125 -66.25 50 0 0.587785 0.809017 0 0.809017 -0.587785 -1 0 0 32039.dat
1 72 -6 -79.1875 50 0.809017 0.587785 0 -0.587785 0.809017 0 0 0 1 6587.dat
1 272 37.6875 -110.9375 50 0 -0.809017 0.587785 0 0.587785 0.809017 -1 0 0 4589.dat
1 1 70 -46.3125 -26.25 0 0 1 -0.780467 0.625196 0 -0.625196 -0.780467 0 4274.dat
1 19 -17.5 -38.1875 -20.375 0 0 1 -0.780466 0.625198 0 -0.625198 -0.780466 0 6589.dat
1 0 0 -38.5 -20 1 0 0 0 0.780466 -0.625198 0 0.625198 0.780466 3706.dat
1 0 -70 -38.8125 -19.625 0 0 -1 -0.780466 -0.625198 0 -0.625198 0.780466 0 32034.dat
1 0 70 -38.8125 -19.625 0 0 -1 -0.780466 -0.625198 0 -0.625198 0.780466 0 32034.dat
1 1 -70 -46.3125 -26.25 0 0 1 -0.780467 0.625196 0 -0.625196 -0.780467 0 4274.dat
1 19 0 -38 -2.5 -1 0 0 0 1 0 0 0 -1 6589.dat
1 71 0 -38.5 40 0 0 -1 0 1 0 1 0 0 32073.dat
1 4 0 -38 30 -1 0 0 0 1 0 0 0 -1 3713.dat
1 71 0 -38.5 50 1 0 0 0 1 0 0 0 1 4019.dat
1 72 -30 -38 -111 0.626173 0 0.779684 0.779684 0 -0.626173 0 1 0 48729.dat
1 72 30 -38 -116.75 0.637839 0 -0.770170 -0.770170 0 -0.637839 0 1 0 48729.dat
1 70 3.8125 -59.6875 -116.3125 0 0.770170 -0.637839 0 0.637839 0.770171 1 0 0 3848.dat
1 70 -3.5 -59.3125 -110.5625 0 -0.779684 0.626173 0 0.626173 0.779684 -1 0 0 3848.dat
0 FILE RampSection
0 RampSection
0 Name: RampSection
0 Author:
1 1 0 0 220 0 0 1 0 1 0 -1 0 0 3029.dat
1 72 30 -24 120 0 0 -1 0 1 0 1 0 0 30136.dat
1 72 0 -32 120 -1 0 0 0 1 0 0 0 -1 3020.dat
1 72 0 -24 110 -1 0 0 0 1 0 0 0 -1 32000.dat
1 72 -30 -24 120 0 0 -1 0 1 0 1 0 0 30136.dat
1 13 0 0 0 0 0 1 0 1 0 -1 0 0 3033.dat
1 71 0 -24 90 -1 0 0 0 1 0 0 0 -1 30526.dat
1 72 -30 -24 80 0 0 1 0 1 0 -1 0 0 30136.dat
1 72 30 -24 80 0 0 1 0 1 0 -1 0 0 30136.dat
1 71 -50 -24 -70 0 0 1 0 1 0 -1 0 0 3622.dat
1 71 50 -24 -70 0 0 1 0 1 0 -1 0 0 3622.dat
1 71 50 -24 10 0 0 -1 0 1 0 1 0 0 4070.dat
1 71 -50 -24 10 0 0 1 0 1 0 -1 0 0 4070.dat
1 72 0 -32 80 -1 0 0 0 1 0 0 0 -1 3020.dat
1 72 -64.3125 -14 10 0 1 0 0 0 -1 -1 0 0 4073.dat
1 72 64.3125 -14 10 0 -1 0 0 0 1 -1 0 0 4073.dat
1 71 -50 -48 -70 1 0 0 0 1 0 0 0 1 3040b.dat
1 71 50 -48 -70 1 0 0 0 1 0 0 0 1 3040b.dat
1 71 50 -48 -20 0 0 1 0 1 0 -1 0 0 3659.dat
1 71 -50 -48 -20 0 0 1 0 1 0 -1 0 0 3659.dat
1 71 -50 -72 -10 1 0 0 0 1 0 0 0 1 4286.dat
1 71 50 -72 -10 1 0 0 0 1 0 0 0 1 4286.dat
1 272 -50 -72 -70 0 0 1 0 1 0 -1 0 0 4589.dat
1 272 50 -72 -70 0 0 1 0 1 0 -1 0 0 4589.dat
1 288 72.3125 -54 50 0 -1 0 0 0 1 -1 0 0 2417.dat
1 288 -72.3125 -54 50 0 1 0 0 0 1 1 0 0 2417.dat
1 57 -50 -80 -70 0 -1 0 0 0 -1 1 0 0 6126.dat
1 57 50 -80 -70 0 -1 0 0 0 -1 1 0 0 6126.dat
1 71 50 -72 40 0 0 1 0 1 0 -1 0 0 3659.dat
1 71 50 -96 30 1 0 0 0 1 0 0 0 1 4286.dat
1 71 50 -96 50 0 0 -1 0 1 0 1 0 0 4070.dat
1 71 50 -120 70 1 0 0 0 1 0 0 0 1 4286.dat
1 71 -50 -72 40 0 0 1 0 1 0 -1 0 0 3659.dat
1 71 -50 -96 30 1 0 0 0 1 0 0 0 1 4286.dat
1 71 -50 -96 50 0 0 1 0 1 0 -1 0 0 4070.dat
1 71 -50 -120 70 1 0 0 0 1 0 0 0 1 4286.dat
1 71 50 -96 70 1 0 0 0 1 0 0 0 1 2339.dat
1 72 0 -96 140 1 0 0 0 1 0 0 0 1 3795.dat
1 71 -50 -96 70 1 0 0 0 1 0 0 0 1 2339.dat
1 71 0 -96 80 1 0 0 0 1 0 0 0 1 2456.dat
1 71 -40 -120 120 0 0 1 0 1 0 -1 0 0 3001.dat
1 71 40 -120 120 0 0 1 0 1 0 -1 0 0 3001.dat
1 72 -50 -128 140 0 0 1 0 1 0 -1 0 0 2540.dat
1 72 50 -128 140 0 0 -1 0 1 0 1 0 0 2540.dat
1 71 -30 -128 90 1 0 0 0 1 0 0 0 1 6019.dat
1 71 30 -128 90 1 0 0 0 1 0 0 0 1 6019.dat
1 71 -30 -128 110 0 0 1 0 1 0 -1 0 0 3024.dat
1 71 30 -128 110 0 0 1 0 1 0 -1 0 0 3024.dat
1 71 50 -144 110 1 0 0 0 1 0 0 0 1 4286.dat
1 71 -50 -144 110 1 0 0 0 1 0 0 0 1 4286.dat
1 70 0 -136 100 1 0 0 0 1 0 0 0 1 3020.dat
1 70 0 -136 130 1 0 0 0 1 0 0 0 1 6636.dat
1 70 0 -136 150 1 0 0 0 1 0 0 0 1 6636.dat
1 70 0.375 -67.8125 -23.75 0 0 1 0.601856 0.798604 0 -0.798604 0.601856 0 3030.dat
1 71 20.375 -115.625 52.9375 -1 0 0 0 0.798604 0.601857 0 0.601857 -0.798604 48336.dat
1 71 -19.625 -115.625 52.9375 -1 0 0 0 0.798604 0.601857 0 0.601857 -0.798604 48336.dat
1 272 0.375 -103.5625 37 1 0 0 0 0.798604 -0.601857 0 0.601857 0.798604 3710.dat
1 0 0.375 -103.1875 49.75 0 0 1 0.601856 0.798604 0 -0.798604 0.601856 0 2654.dat
0 FILE BaseDrawbridge
0 BaseDrawbridge
0 Name: BaseDrawbridge
0 Author:
1 0 -50 -184 -250 0 0 1 0 1 0 -1 0 0 3794a.dat
1 0 -50 -176 -240 -1 0 0 0 1 0 0 0 -1 4286.dat
1 70 0 -152 -190 0 0 1 0 1 0 -1 0 0 3028.dat
1 0 -50 -176 -260 1 0 0 0 1 0 0 0 1 4286.dat
1 0 50 -176 -240 -1 0 0 0 1 0 0 0 -1 4286.dat
1 0 50 -176 -260 1 0 0 0 1 0 0 0 1 4286.dat
1 0 -50 -144 -90 0 0 1 0 1 0 -1 0 0 3700.dat
1 0 50 -144 -90 0 0 1 0 1 0 -1 0 0 3700.dat
1 0 50 -184 -250 0 0 1 0 1 0 -1 0 0 3794a.dat
1 71 60 -134.5 -90 -1 0 0 0 1 0 0 0 -1 3673.dat
1 71 -60 -134.5 -90 -1 0 0 0 0.999996 0.002783 0 0.002783 -0.999996 3673.dat
1 288 120 0 0 0 0 1 0 1 0 -1 0 0 3033.dat
1 0 0 -8 -30 1 0 0 0 1 0 0 0 1 4477.dat
1 72 80 -16 -30 1 0 0 0 1 0 0 0 1 3023.dat
1 71 80 -136 -30 1 0 0 0 1 0 0 0 1 2454.dat
1 72 -80 -16 -30 1 0 0 0 1 0 0 0 1 3023.dat
1 71 -80 -136 -30 1 0 0 0 1 0 0 0 1 2454.dat
1 288 -120 0 0 0 0 1 0 1 0 -1 0 0 3033.dat
1 72 -80 -24 -90 1 0 0 0 1 0 0 0 1 30137.dat
1 72 -70 -72 -80 0 0 -1 0 1 0 1 0 0 3678b.dat
1 71 0 -24 -70 1 0 0 0 1 0 0 0 1 3008.dat
1 72 0 -32 -80 1 0 0 0 1 0 0 0 1 3020.dat
1 71 0 -24 -90 1 0 0 0 1 0 0 0 1 30526.dat
1 72 0 0 -60 1 0 0 0 1 0 0 0 1 3032.dat
1 72 70 -72 -80 0 0 1 0 1 0 -1 0 0 3678b.dat
1 71 70 -120 -80 0 0 1 0 1 0 -1 0 0 3245a.dat
1 72 80 -24 -90 1 0 0 0 1 0 0 0 1 30137.dat
1 71 -70 -120 -80 0 0 1 0 1 0 -1 0 0 3245a.dat
1 72 -100 -24 90 1 0 0 0 1 0 0 0 1 30136.dat
1 72 100 -24 90 1 0 0 0 1 0 0 0 1 30136.dat
1 72 -120 -144 0 0 0 1 0 1 0 -1 0 0 6082.dat
1 72 120 -144 0 0 0 -1 0 1 0 1 0 0 6082.dat
1 72 0 -144 0 1 0 0 0 1 0 0 0 1 3028.dat
1 72 -70 -144 -80 0 0 1 0 1 0 -1 0 0 32000.dat
1 72 70 -144 -80 0 0 1 0 1 0 -1 0 0 32000.dat
1 71 -130 -168 40 0 0 1 0 1 0 -1 0 0 3660.dat
1 71 -130 -168 0 0 0 1 0 1 0 -1 0 0 3660.dat
1 71 -130 -168 -40 0 0 1 0 1 0 -1 0 0 3660.dat
1 71 130 -168 40 0 0 -1 0 1 0 1 0 0 3660.dat
1 71 130 -168 0 0 0 -1 0 1 0 1 0 0 3660.dat
1 71 130 -168 -40 0 0 -1 0 1 0 1 0 0 3660.dat
1 272 -150 -176 0 0 0 1 0 1 0 -1 0 0 3666.dat
1 272 150 -176 0 0 0 1 0 1 0 -1 0 0 3666.dat
1 0 -130 -176 0 0 0 1 0 1 0 -1 0 0 3794a.dat
1 0 130 -176 0 0 0 1 0 1 0 -1 0 0 3794a.dat
1 71 -70 -168 -70 -1 0 0 0 1 0 0 0 -1 2357.dat
1 71 70 -168 -70 0 0 1 0 1 0 -1 0 0 2357.dat
1 71 -70 -240 -70 1 0 0 0 1 0 0 0 1 4460.dat
1 71 70 -240 -70 1 0 0 0 1 0 0 0 1 4460.dat
1 71 -90 -144 -50 1 0 0 0 1 0 0 0 1 46212.dat
1 71 70 -144 -50 1 0 0 0 1 0 0 0 1 46212.dat
1 71 -70 -264 -70 0 0 1 0 1 0 -1 0 0 3005.dat
1 71 70 -264 -70 0 0 1 0 1 0 -1 0 0 3005.dat
1 71 -70 -288 -50 -1 0 0 0 1 0 0 0 -1 2357.dat
1 71 70 -288 -50 0 0 1 0 1 0 -1 0 0 2357.dat
1 71 -90 -312 -50 0 0 -1 0 1 0 1 0 0 3040b.dat
1 71 90 -312 -50 0 0 1 0 1 0 -1 0 0 3040b.dat
1 71 100 -128 -90 1 0 0 0 1 0 0 0 1 44567.dat
1 71 -100 -128 -90 1 0 0 0 1 0 0 0 1 44567.dat
1 72 0 -24 -110 1 0 0 0 1 0 0 0 1 32000.dat
1 72 30 -24 -120 0 0 1 0 1 0 -1 0 0 30136.dat
1 72 -30 -24 -120 0 0 1 0 1 0 -1 0 0 30136.dat
1 72 0 -32 -120 1 0 0 0 1 0 0 0 1 3020.dat
1 71 -110 -168 -50 1 0 0 0 1 0 0 0 1 3040b.dat
1 71 110 -168 -50 1 0 0 0 1 0 0 0 1 3040b.dat
1 71 110 -168 50 -1 0 0 0 1 0 0 0 -1 3040b.dat
1 71 -110 -168 50 -1 0 0 0 1 0 0 0 -1 3040b.dat
1 71 -110 -240 50 0 0 1 0 1 0 -1 0 0 4460.dat
1 71 -110 -264 50 0 0 1 0 1 0 -1 0 0 4070.dat
1 72 -116.3125 -254 50 0 1 0 -1 0 0 0 0 1 50746.dat
1 71 -110 -312 0 0 0 1 0 1 0 -1 0 0 3307.dat
1 71 -110 -240 -50 0 0 1 0 1 0 -1 0 0 4460.dat
1 71 -110 -264 -50 0 0 1 0 1 0 -1 0 0 4070.dat
1 72 -116.3125 -254 -50 0 1 0 1 0 0 0 0 -1 50746.dat
1 71 -110 -336 0 0 0 1 0 1 0 -1 0 0 3010.dat
1 71 110 -240 -50 0 0 -1 0 1 0 1 0 0 4460.dat
1 71 110 -264 -50 0 0 -1 0 1 0 1 0 0 4070.dat
1 72 116.3125 -254 -50 0 -1 0 -1 0 0 0 0 -1 50746.dat
1 71 110 -312 0 0 0 1 0 1 0 -1 0 0 3307.dat
1 71 110 -240 50 0 0 -1 0 1 0 1 0 0 4460.dat
1 71 110 -264 50 0 0 -1 0 1 0 1 0 0 4070.dat
1 72 116.3125 -254 50 0 -1 0 1 0 0 0 0 1 50746.dat
1 71 110 -336 0 0 0 1 0 1 0 -1 0 0 3010.dat
1 71 0 -336 -70 1 0 0 0 1 0 0 0 1 3308.dat
1 0 -100 -336 -50 1 0 0 0 1 0 0 0 1 3660.dat
1 0 100 -336 -50 1 0 0 0 1 0 0 0 1 3660.dat
1 71 0 -336 50 1 0 0 0 1 0 0 0 1 6112.dat
1 70 130 -184.5 0 0 0 -1 0 1 0 1 0 0 2570.dat
1 70 -130 -184.5 0 0 0 1 0 1 0 -1 0 0 2570.dat
1 2 90 -192.5 -70 0.642999 0 0.765867 0 1 0 -0.765867 0 0.642999 30176.dat
1 2 -90 -192.5 -70 -0.732896 0 0.680340 0 1 0 -0.680340 0 -0.732897 30176.dat
1 72 100 -134.3125 -115.875 -1 0 0 0 0.587785 -0.809017 0 -0.809017 -0.587785 482.dat
1 71 100 -299.75 -236.0625 0 0 1 0.587785 0.809017 0 -0.809017 0.587785 0 43899.dat
1 297 100 -247.8125 -198.375 -1 0 0 0 0.809017 0.587785 0 0.587785 -0.809017 4495b.dat
1 71 -100 -299.75 -236.0625 0 0 1 0.587785 0.809017 0 -0.809017 0.587785 0 43899.dat
1 297 -100 -247.8125 -198.375 -1 0 0 0 0.809017 0.587785 0 0.587785 -0.809017 4495b.dat
1 72 -100 -134.3125 -115.875 -1 0 0 0 0.587785 -0.809017 0 -0.809017 -0.587785 482.dat
1 13 0 0 0 0 0 1 0 1 0 -1 0 0 3033.dat
