0 FILE archer_D

0 COMMENT HEAD

1 14 0 -59.75 0 1 0 0 0 1 0 0 0 1 3626b.dat

0 Comment TORSO

1 72 0 -32 0 1 0 0 0 1 0 0 0 1 973.dat

1 272 -15.5 -22.751 0 0.944 -0.242 -0.223 0.328 0.734 0.595 0.02 -0.635 0.772 982.dat
1 272 15.5 -22.751 0 0.945 0.248 0.213 -0.327 0.732 0.598 -0.007 -0.635 0.773 981.dat
1 14 -22.124 -15.773 -17.447 0.985 -0.174 0 0.174 0.985 0 0 0 1 983.dat
1 14 22.123 -15.776 -17.447 0.985 0.174 0 -0.174 0.985 0 0 0 1 983.dat
1 70 0 -32 0 -1 0 0 0 1 0 0 0 -1 4498.dat

0 COMMENT LEGS

1 0 0 0 0 1 0 0 0 1 0 0 0 1 970c00.dat
1 0 0 0 0 1 0 0 0 1 0 0 0 1 970.dat
1 72 1.5 12 0 1 0 0 0 1 0 0 0 1 971.dat
1 72 0.5 12 0 1 0 0 0 1 0 0 0 1 972.dat

0 COMMENT ACESSORIES
1 383 0 -59.75 0 1 0 0 0 1 0 0 0 1 30273.dat
1 70 17.414 -41.053 -34.232 -0.877 -0.168 0.45 0.024 -0.951 -0.307 0.48 -0.259 0.838 4499.dat
