0 FILE FootSoldier
1 383 0 -101.4184 -7.495499 -1 0 0 0 1 0 0 0 -1 3844.dat
1 14 0 -101.4184 -7.495407 -1 0 0 0 1 0 0 0 -1 3626b.dat
1 272 0 -77.4184 -7.495407 -1 0 0 0 1 0 0 0 -1 973.dat
1 71 15.5 -68.1684 -7.4953 -0.944481 0.241518 0.222767 0.327972 0.733768 0.594994 -0.019757 0.635022 -0.772241 982.dat
1 71 -15.5 -68.1684 -7.4953 -0.944913 -0.248497 -0.213048 -0.327241 0.731700 0.597937 0.007302 0.634716 -0.772711 981.dat
1 14 22.12402 -61.1901 9.951599 -0.984808 0.173648 0 0.173648 0.984808 0 0 0 -1 983.dat
1 14 -22.12305 -61.1936 9.951599 -0.984808 -0.173648 0 -0.173648 0.984808 0 0 0 -1 983.dat

0 COMMENT LEGS

1 0 0 -45.4184 -7.495407 -1 0 0 0 1 0 0 0 -1 970.dat
1 71 -0.5 -33.4184 -7.4953 -1 0 0 0 1 0 0 0 -1 971.dat
1 71 0.5 -33.4184 -7.4953 -1 0 0 0 1 0 0 0 -1 972.dat



1 71 18.18506 -83.5292 25.47659 -0.985582 0.167732 -0.022248 0.167731 0.951251 -0.258819 -0.022248 -0.258819 -0.965670 3846.dat
1 72 -21.47595 -64.8643 20.3972 0.985582 -0.167731 -0.022248 0.167731 0.951251 0.258818 -0.022248 -0.258818 0.965670 3848.dat
