0 FILE main.ldr
1 11 0 0 -40 1 0 0 0 1 0 0 0 1 3030.dat
1 11 0 -176 50 0 0 1 0 1 0 -1 0 0 Flags_45Degree.ldr
1 11 0 0 40 1 0 0 0 1 0 0 0 1 3030.dat
1 0 0 0 0 1 0 0 0 1 0 0 0 1 sideSection.ldr
1 100 0 -168 40 1 0 0 0 1 0 0 0 1 2456.dat
1 70 0 -144 30 1 0 0 0 1 0 0 0 1 3666.dat
1 14 -80 -168 -20 0 0 1 0 1 0 -1 0 0 2456.dat
1 288 30 -62 88 1 0 0 0 0 1 0 -1 0 2417.dat
1 100 40 -72 70 -1 0 0 0 1 0 0 0 -1 30414.dat
1 100 0 -144 40 -1 0 0 0 1 0 0 0 -1 6082.dat
1 100 -90 -24 -20 0 0 -1 0 1 0 1 0 0 3701.dat
1 70 80 -24 -70 1 0 0 0 1 0 0 0 1 3700.dat
1 70 -80 -24 -70 1 0 0 0 1 0 0 0 1 3700.dat
1 14 -90 -120 -20 0 0 1 0 1 0 -1 0 0 4035.dat
1 100 90 -24 -20 0 0 -1 0 1 0 1 0 0 3701.dat
1 0 180 0 0 1 0 0 0 1 0 0 0 1 sideSection.ldr
1 14 90 -120 -20 0 0 -1 0 1 0 1 0 0 4035.dat
1 14 80 -168 -20 0 0 1 0 1 0 -1 0 0 2456.dat

0 FILE Flags_45Degree.ldr
0 REPCOLOR 14 "A_PrimaryBuildColor" ALL
0 REPCOLOR 100 "B_SecondaryBuildcolor" ALL
0 REPCOLOR 30 "C_FactionColor" ALL
0 REPCOLOR 60 "C_FactionColorB" ALL
1 100 0 0 0 0 0 1 0 1 0 -1 0 0 60471.dat
1 100 -27.375 -4.9375 0 0 0.676401 -0.736534 0 -0.736534 -0.676401 -1 0 0 481.dat
1 0 -42.25 -18.688 0 0 0.737 -0.676 0 0.676 0.737 1 0 0 63965.dat
1 60 -94.375 -66.5 0 0 0.736534 -0.676401 0 0.676401 0.736534 1 0 0 4495b.dat
1 30 -112.0625 -82.75 0 0 0.737 -0.676 0 0.676 0.737 1 0 0 4495b.dat


0 FILE sideSection.ldr
1 14 -90 -120 -60 0 0 -1 0 1 0 1 0 0 3004.dat
1 14 -90 -96 -60 0 0 -1 0 1 0 1 0 0 3004.dat
1 14 -90 -72 -60 0 0 -1 0 1 0 1 0 0 3004.dat
1 14 -90 -48 -40 0 0 -1 0 1 0 1 0 0 3010.dat
1 14 -90 -144 -20 0 0 -1 0 1 0 1 0 0 3009.dat
